0.000000000000000000e+00 5.028901315981127322e+06 4.206997186168560293e+05 3.954999303401468205e+04 3.431546293941231625e+02 5.538542752151048742e+06
2.349869451697128141e-03 5.481951005058301613e+06 4.751110574081844534e+05 4.321701149406132754e+04 3.726576525474235382e+02 6.048660919338234700e+06
4.699738903394256283e-03 5.965203215378788300e+06 5.364811204490771051e+05 4.723136192820523138e+04 4.046517544624873608e+02 6.595989874053873122e+06
7.049608355091383990e-03 6.479076575282143429e+06 6.056853812107950216e+05 5.162702265787584474e+04 4.393441070783385385e+02 7.181888818673112430e+06
9.399477806788512566e-03 7.023696256793992594e+06 6.837059235722109443e+05 5.644141487274724204e+04 4.769589415368556615e+02 7.807539034123579971e+06
1.174934725848563941e-02 7.598849045882803388e+06 7.716433201147131622e+05 6.171575925571845437e+04 5.177389510872407072e+02 8.473909551788933575e+06
1.409921671018276798e-02 8.203943815056025051e+06 8.707294655107219005e+05 6.749546902713368763e+04 5.619468107936723982e+02 9.181729128355247900e+06
1.644908616187989656e-02 8.837980385375455022e+06 9.823413200570655754e+05 7.383058281208017434e+04 6.098668240935546692e+02 9.931467587074438110e+06
1.879895561357702513e-02 9.499529157477732748e+06 1.108015471398628782e+06 8.077624097443283245e+04 6.618067071722708761e+02 1.072332892311799154e+07
2.114882506527415024e-02 1.018672281905814074e+07 1.249463362774803536e+06 8.839320930154991220e+04 7.180995231312859914e+02 1.155725741837246530e+07
2.349869451697127881e-02 1.089726004845959134e+07 1.408586962358416757e+06 9.674845416016320814e+04 7.791057790403717718e+02 1.243295652299859561e+07
2.584856396866840739e-02 1.162841967995367013e+07 1.587494559581512120e+06 1.059157734721926099e+05 8.452157001936910774e+02 1.334991868956967816e+07
2.819843342036553596e-02 1.237708257098538801e+07 1.788516270634582266e+06 1.159764880731144949e+05 9.168516972470805513e+02 1.430746298896813951e+07
3.054830287206266454e-02 1.313975767798224464e+07 2.014218717488020658e+06 1.270201982082530885e+05 9.944710434156258998e+02 1.530477646210906282e+07
3.289817232375979311e-02 1.391260876019688323e+07 2.267418215006563347e+06 1.391456100859023863e+05 1.078568780574178618e+03 1.634095492696359195e+07
3.524804177545692169e-02 1.469147868997097202e+07 2.551191662681612186e+06 1.524614375312680204e+05 1.169680874949019199e+03 1.741503937028999627e+07
3.759791122715405026e-02 1.547190939671186730e+07 2.868884196402480826e+06 1.670873838612880791e+05 1.268387645139444885e+03 1.852604495694190636e+07
3.994778067885117884e-02 1.624915674810872599e+07 3.224112518107488286e+06 1.831552091155511152e+05 1.375317487490123312e+03 1.967298082961138338e+07
4.229765013054830047e-02 1.701820088832275942e+07 3.620762694586198311e+06 2.008098877195048844e+05 1.491150926378864824e+03 2.085485996709352359e+07
4.464751958224543599e-02 1.777375348340097442e+07 4.062981108725406229e+06 2.202108615083094337e+05 1.616625019824882202e+03 2.207069919994524121e+07
4.699738903394255762e-02 1.851026386662751809e+07 4.555157163647483103e+06 2.415333927870863699e+05 1.752538153999654014e+03 2.331950995140528679e+07
4.934725848563969314e-02 1.922192626961140707e+07 5.101896286706240848e+06 2.649700217287334381e+05 1.899755263782268003e+03 2.460028042025950551e+07
5.169712793733681477e-02 1.990269031940686330e+07 5.707981757019505836e+06 2.907321318956225296e+05 2.059213520496678029e+03 2.591194990166683495e+07
5.404699738903394335e-02 2.054627697815372050e+07 6.378323884335051291e+06 3.190516269971356378e+05 2.231928532460894075e+03 2.725337594872213155e+07
5.639686684073107192e-02 2.114620227505797893e+07 7.117895093538553454e+06 3.501827211411804892e+05 2.419001109038196319e+03 2.862329528191800043e+07
5.874673629242820050e-02 2.169581161826328561e+07 7.931649514798739925e+06 3.844038437842619023e+05 2.621624644589284344e+03 3.002027983972784877e+07
6.109660574412532907e-02 2.218832813906352222e+07 8.824425749999132007e+06 4.220196593110013637e+05 2.841093185175596773e+03 3.144269010001319647e+07
6.344647519582245765e-02 2.261691924833857268e+07 9.800831606799766421e+06 4.633631996602136642e+05 3.078810248165406392e+03 3.288862864956972003e+07
6.579634464751958622e-02 2.297478611047812551e+07 1.086510981833318435e+07 5.087981066416456597e+05 3.336298473169887529e+03 3.435589772951427102e+07
6.814621409921671480e-02 2.325528074781487882e+07 1.202098419496916421e+07 5.587209785374681232e+05 3.615210192128274684e+03 3.584196491788551211e+07
7.049608355091384337e-02 2.345205467194301262e+07 1.327148642089323699e+07 6.135638132397178560e+05 3.917339017032682932e+03 3.734394105735087395e+07
7.284595300261097195e-02 2.355924106101914868e+07 1.461876497348508239e+07 6.737965375257072737e+05 4.244632555920634331e+03 3.885857392028244585e+07
7.519582245430810052e-02 2.357166945652142540e+07 1.606387955656653270e+07 7.399296091075906297e+05 4.599206381579600929e+03 4.038225996700917184e+07
7.754569190600521522e-02 2.348510781048472226e+07 1.760658707658153400e+07 8.125166748030494200e+05 4.983359393144907699e+03 4.191107504441969097e+07
7.989556135770235767e-02 2.329652176471482590e+07 1.924512848458542302e+07 8.921572645587363513e+05 5.399590728704315552e+03 4.344082321201606840e+07
8.224543080939947237e-02 2.300433581376786157e+07 2.097602947162820026e+07 9.794994971187162446e+05 5.850618407458980073e+03 4.496710131294424087e+07
8.459530026109660095e-02 2.260867624176127464e+07 2.279393150350529328e+07 1.075242768873549765e+06 6.339399903279311729e+03 4.648537563944301009e+07
8.694516971279374340e-02 2.211157233168267831e+07 2.469147225101762265e+07 1.180140392863985384e+06 6.869154878023491619e+03 4.799106621598282456e+07
8.929503916449087197e-02 2.151709125105732307e+07 2.665923523950811848e+07 1.295002150064327521e+06 7.443390333189245212e+03 4.947963389105726779e+07
9.164490861618798667e-02 2.083138398165958375e+07 2.868578671372342110e+07 1.420696709957410349e+06 8.065928472821657124e+03 5.094666555938345939e+07
9.399477806788511525e-02 2.006262506502754241e+07 3.075781281993314624e+07 1.558153872064586263e+06 8.740937609624817924e+03 5.238795334074331820e+07
9.634464751958224382e-02 1.922083759203888103e+07 3.286036231850454584e+07 1.708366574544328963e+06 9.472966490490272918e+03 5.379956430382563919e+07
9.869451697127938627e-02 1.831760592224902660e+07 3.497718989445272088e+07 1.872392610261240974e+06 1.026698246777184431e+04 5.517789822943447530e+07
1.010443864229765148e-01 1.736569061921318620e+07 3.709118409474734962e+07 2.051355984897506656e+06 1.112841399925313635e+04 5.651973186336468160e+07
1.033942558746736295e-01 1.637857119541664608e+07 3.918485375536471605e+07 2.246447845780060161e+06 1.206319802355297543e+04 5.782224904496159405e+07
1.057441253263707581e-01 1.536995062375491858e+07 4.124083928665820509e+07 2.458926904181733727e+06 1.307783282939660967e+04 5.908305696039412171e+07
1.080939947780678867e-01 1.435325973753638938e+07 4.324241177274832875e+07 2.690119267980396748e+06 1.417943711745721339e+04 6.030018951599855721e+07
1.104438642297650292e-01 1.334119889452767558e+07 4.517392418181695044e+07 2.941417595787046012e+06 1.537581604304029679e+04 6.147209941606665403e+07
1.127937336814621438e-01 1.234534882337839343e+07 4.702118484372890741e+07 3.214279478045311291e+06 1.667553512740376391e+04 6.259764092626917362e+07
1.151436031331592724e-01 1.137587346459978633e+07 4.877173264688355476e+07 3.510224945227164309e+06 1.808800303557318330e+04 6.367604548793631047e+07
1.174934725848564010e-01 1.044132652277487889e+07 5.041500448099905998e+07 3.830832998169894330e+06 1.962356433961138828e+04 6.470689232273989916e+07
1.198433420365535157e-01 9.548562226538285613e+06 5.194239647283826768e+07 4.177737050885428209e+06 2.129360351877186986e+04 6.569007596289154142e+07
1.221932114882506581e-01 8.702741110847024247e+06 5.334722991906952113e+07 4.552619171888990328e+06 2.311066159193104249e+04 6.662577231298712641e+07
1.245430809399477867e-01 7.907414641723047011e+06 5.462463943017406017e+07 4.957203006299151108e+06 2.508856693301181804e+04 6.751440446135278046e+07
1.268929503916449153e-01 7.164668686583786272e+06 5.577140423329336196e+07 5.393245257703999989e+06 2.724258198628732862e+04 6.835660907256670296e+07
1.292428198433420439e-01 6.475305052134416066e+06 5.678574402744896710e+07 5.862525606102664955e+06 2.958956777455422707e+04 6.915320385471330583e+07
1.315926892950391724e-01 5.839041958304721862e+06 5.766709887622496486e+07 6.366834936136867851e+06 3.214816827773526893e+04 6.990515633117473125e+07
1.339425587467363010e-01 5.254717544641622342e+06 5.841590921652910858e+07 6.907961748330249451e+06 3.493901695040078630e+04 7.061355396691563725e+07
1.362924281984334296e-01 4.720484452668398619e+06 5.903340801881642640e+07 7.487676625168168917e+06 3.798496784112990281e+04 7.127957560238702595e+07
1.386422976501305582e-01 4.233987478984992020e+06 5.952143316305171698e+07 8.107714623637232929e+06 4.131135397081272095e+04 7.190446412831641734e+07
1.409921671018276867e-01 3.792519764422913548e+06 5.988226467033414543e+07 8.769755466486779973e+06 4.494627581615301460e+04 7.248950038166892529e+07
1.433420365535247876e-01 3.393155728026229888e+06 6.011848878196546435e+07 9.475401406410532072e+06 4.892092292283174174e+04 7.303597834049433470e+07
1.456919060052219439e-01 3.032860920294445939e+06 6.023288903024652600e+07 1.022615264145980030e+07 5.326993183279614459e+04 7.354518181782265007e+07
1.480417754569190725e-01 2.708580236869445536e+06 6.022836328463260084e+07 1.102338016789133660e+07 5.803178364326460724e+04 7.401836296888595819e+07
1.503916449086162010e-01 2.417306644500954077e+06 6.010786510272580385e+07 1.186829597097803093e+07 6.324924461102839996e+04 7.445672299687258899e+07
1.527415143603133296e-01 2.156132881547678262e+06 5.987436738172413409e+07 1.276192047914215550e+07 6.896985326253039239e+04 7.486139544386324286e+07
1.550913838120104304e-01 1.922288643097800435e+06 5.953084614075911045e+07 1.370504724793132581e+07 7.524645745427555812e+04 7.523343237738738954e+07
1.574412532637075868e-01 1.713165651896662312e+06 5.908028216839946061e+07 1.469820490557453968e+07 8.213780473377526505e+04 7.557379364311362803e+07
1.597911227154047153e-01 1.526332823708141455e+06 5.852567819206021726e+07 1.574161649059611931e+07 8.970918916096816247e+04 7.588333918264153600e+07
1.621409921671018439e-01 1.359543505415716907e+06 5.787008914996891469e+07 1.683515645473292097e+07 9.803315744456549874e+04 7.616282425142163038e+07
1.644908616187989447e-01 1.210736522672741441e+06 5.711666306797703356e+07 1.797830580130290240e+07 1.071902768059218652e+05 7.641289724843294919e+07
1.668407310704960733e-01 1.078032535690040328e+06 5.626868995724003762e+07 1.917010608766680583e+07 1.172699663821501745e+05 7.663409980265751481e+07
1.691906005221932019e-01 9.597269744734932901e+05 5.532965604165174067e+07 2.040911334222037718e+07 1.283713931962285715e+05 7.682686874799315631e+07
1.715404699738903582e-01 8.542806127458290430e+05 5.430330048048777133e+07 2.169335332383172214e+07 1.406044327298089920e+05 7.699153963922388852e+07
1.738903394255874868e-01 7.603086455191047862e+05 5.319367156585704535e+07 2.302027996428869665e+07 1.540906929088584438e+05 7.712835149297176301e+07
1.762402088772845876e-01 6.765689605539225740e+05 5.200517916188246012e+07 2.438673924618550763e+07 1.689645988279014418e+05 7.723745246052633226e+07
1.785900783289817439e-01 6.019501397984555224e+05 5.074263995768941194e+07 2.578894112785116211e+07 1.853745337712039473e+05 7.731890614787217975e+07
1.809399477806788448e-01 5.354595937210690463e+05 4.941131200124492496e+07 2.722244236830484495e+07 2.034840300164986984e+05 7.737269829933008552e+07
1.832898172323759733e-01 4.762121189218177460e+05 4.801691505366623402e+07 2.868214315726994351e+07 2.234730005097227404e+05 7.739874357092668116e+07
1.856396866840731297e-01 4.234190765692757559e+05 4.656563363849750161e+07 3.016230025084016100e+07 2.455389997632032610e+05 7.739689215447525680e+07
1.879895561357702305e-01 3.763783145571377827e+05 4.506410031720528752e+07 3.165655880361228436e+07 2.698984992465432151e+05 7.736693608259029686e+07
1.903394255874673868e-01 3.344648979170666425e+05 4.351935771553451568e+07 3.315800425706310570e+07 2.967881591087986017e+05 7.730861514542229474e+07
1.926892950391644876e-01 2.971226678424771526e+05 4.193879911296963692e+07 3.465923452081742138e+07 3.264660743021884700e+05 7.722162246642667055e+07
1.950391644908616162e-01 2.638566174848118098e+05 4.033008888820294291e+07 3.615245134833834320e+07 3.592129690935934777e+05 7.710560989374215901e+07
1.973890339425587725e-01 2.342260503508395632e+05 3.870106563796974719e+07 3.762956838903583586e+07 3.953333095869680983e+05 7.696019344198231399e+07
1.997389033942558734e-01 2.078384726810207940e+05 3.705963217898349464e+07 3.908233205566357821e+07 4.351562992912067566e+05 7.678495904945598543e+07
2.020887728459530297e-01 1.843441628636289679e+05 3.541363772906203568e+07 4.050245024954477698e+07 4.790367180268005468e+05 7.657946889279308915e+07
2.044386422976501305e-01 1.634313572195397574e+05 3.377075820196403563e+07 4.188172328747230023e+07 5.273555596653595567e+05 7.634326843216770887e+07
2.067885117493472591e-01 1.448219911113934068e+05 3.213838065646184981e+07 4.321217117598295212e+07 5.805204194569550455e+05 7.607589426305137575e+07
2.091383812010444154e-01 1.282679362609750533e+05 3.052349750202487409e+07 4.448615171522491425e+07 6.389655771642547334e+05 7.577688274619066715e+07
2.114882506527415162e-01 1.135476785905132565e+05 2.893261514406694099e+07 4.569646474321722984e+07 7.031517180588487536e+05 7.544577929593245685e+07
2.138381201044386448e-01 1.004633852177366643e+05 2.737168047671476752e+07 4.683643903993498534e+07 7.735652302385945804e+05 7.508214814137399197e+07
2.161879895561357734e-01 8.883831397153106809e+04 2.584602716612542793e+07 4.789999983899353445e+07 8.507170139145115390e+05 7.468558234015490115e+07
2.185378590078329020e-01 7.851452362642264052e+04 2.436034218941128999e+07 4.888171636370059103e+07 9.351407365326145664e+05 7.425571381878021359e+07
2.208877284595300583e-01 6.935084775549247570e+04 2.291865176303067058e+07 4.977683014723260701e+07 1.027390467097814078e+06 7.379222322935667634e+07
2.232375979112271591e-01 6.122109952867259562e+04 2.152432473041768745e+07 5.058126598489806801e+07 1.128037624122258741e+06 7.329484944222617149e+07
2.255874673629242877e-01 5.401247885314159794e+04 2.018009074990420416e+07 5.129162812392494082e+07 1.237667174499762477e+06 7.276339852968481183e+07
2.279373368146214163e-01 4.762415692518441938e+04 1.888807024500052258e+07 5.190518470254767686e+07 1.356873025573041989e+06 7.219775213196577132e+07
2.302872062663185448e-01 4.196601652972701413e+04 1.764981301801853999e+07 5.241984353266513348e+07 1.486252559952406213e+06 7.159787512863618135e+07
2.326370757180157012e-01 3.695752929686752032e+04 1.646634262077830173e+07 5.283412213946685195e+07 1.626400272468404612e+06 7.096382256313556433e+07
2.349869451697128020e-01 3.252675362907812450e+04 1.533820394275539741e+07 5.314711460433523357e+07 1.777900481151818065e+06 7.029574578273142874e+07
2.373368146214099306e-01 2.860943918062480589e+04 1.426551193675043620e+07 5.335845728315778822e+07 1.941319099421211286e+06 6.959389775916655362e+07
2.396866840731070314e-01 2.514822563761698984e+04 1.324799988493155502e+07 5.346829496142780781e+07 2.117194474729313049e+06 6.885863754722684622e+07
2.420365535248041877e-01 2.209192514882991236e+04 1.228506606122348458e+07 5.347724851593160629e+07 2.306027319690626580e+06 6.809043382237583399e+07
2.443864229765013163e-01 1.939487912852161026e+04 1.137581803623389080e+07 5.338638471920578182e+07 2.508269784997188952e+06 6.728986741985547543e+07
2.467362924281984449e-01 1.701638132483506342e+04 1.051911418281097524e+07 5.319718846955440193e+07 2.724313748937507626e+06 6.645763278284812719e+07
2.490861618798955734e-01 1.492016004990699730e+04 9.713602172585209832e+06 5.291153746411158890e+07 2.954478425676686224e+06 6.559453822259068489e+07
2.514360313315927020e-01 1.307391332602735383e+04 8.957754414556546137e+06 5.253167915175154805e+07 3.198997423169801477e+06 6.470150490293075144e+07
2.537859007832898306e-01 1.144889143836519543e+04 8.249900489057584666e+06 5.206020969525097311e+07 3.458005411165134050e+06 6.377956448700808734e+07
2.561357702349869592e-01 1.001952201802618947e+04 7.588256688816796988e+06 5.150005462215775251e+07 3.731524589741954114e+06 6.282985542280719429e+07
2.584856396866840877e-01 8.763073325817411387e+03 6.970952806962978095e+06 5.085445083380666375e+07 4.019451178883088753e+06 6.185361789303340763e+07
2.608355091383812163e-01 7.659351880805901601e+03 6.396056320936240256e+06 5.012692965468260646e+07 4.321542179622252472e+06 6.085218750716330856e+07
2.631853785900783449e-01 6.690430990082067183e+03 5.861594119899692945e+06 4.932130062433520705e+07 4.637402687622243538e+06 5.982698786287842691e+07
2.655352480417754735e-01 5.840407096675933644e+03 5.365571917199963704e+06 4.844163574825891107e+07 4.966474071365328506e+06 5.877952214394435287e+07
2.678851174934726020e-01 5.095181179291857006e+03 4.905991482285080478e+06 4.749225392291596532e+07 5.308023360574308783e+06 5.771136394697227329e+07
2.702349869451697306e-01 4.442262717024656922e+03 4.480865820151277818e+06 4.647770522812139988e+07 5.661134227187277749e+06 5.662414753819026053e+07
2.725848563968668592e-01 3.870593979953051985e+03 4.088232421602989081e+06 4.540275473736362159e+07 6.024699981739573181e+06 5.551955773469607532e+07
2.749347258485639878e-01 3.370392626986111281e+03 3.726164704419365618e+06 4.427236543901349604e+07 6.397419051320767030e+06 5.439931958738799393e+07
2.772845953002611163e-01 2.933010789298560667e+03 3.392781763605643995e+06 4.309167979963292927e+07 6.777793447503354400e+06 5.326518802153675258e+07
2.796344647519582449e-01 2.550808994228885240e+03 3.086256547806039918e+06 4.186599944928052276e+07 7.164130765956680290e+06 5.211893757204160839e+07
2.819843342036553735e-01 2.217043443209368434e+03 2.804822578200540505e+06 4.060076244411062449e+07 7.554550271564729512e+06 5.096235233732217550e+07
2.843342036553525021e-01 1.925765300307070220e+03 2.546779325401270762e+06 3.930151757965831459e+07 7.946993597668663599e+06 4.979721626803082973e+07
2.866840731070495751e-01 1.671730777094916903e+03 2.310496358701994643e+06 3.797389530280541629e+07 8.339240508005244657e+06 4.862530390029148012e+07
2.890339425587467592e-01 1.450320916380664130e+03 2.094416380313037662e+06 3.662357491129975766e+07 8.728930020016757771e+06 4.744837163254718482e+07
2.913838120104438878e-01 1.257470083111376198e+03 1.897057254819044145e+06 3.525624794036654383e+07 9.113586961113883182e+06 4.626814962638352811e+07
2.937336814621410164e-01 1.089602266671093275e+03 1.717013140986077720e+06 3.387757791109778732e+07 9.490653730357898399e+06 4.508633438470911980e+07
2.960835509138381449e-01 9.435743857801790000e+02 1.552954829233172815e+06 3.249315693844841793e+07 9.857526687594706193e+06 4.390458202966261655e+07
2.984334203655352180e-01 8.166258661416063660e+02 1.403629383625126211e+06 3.110846003917947039e+07 1.021159622612585314e+07 4.272450227479698509e+07
3.007832898172324021e-01 7.063338326181637967e+02 1.267859182220940478e+06 2.972879830301337317e+07 1.055028924981578626e+07 4.154765306888297945e+07
3.031331592689295307e-01 6.105733227347744787e+02 1.144540444123925408e+06 2.835927234950757772e+07 1.087111251957082562e+07 4.037553588652524352e+07
3.054830287206266592e-01 5.274819872806475587e+02 1.032641325731154182e+06 2.700472764753488451e+07 1.117169519793812744e+07 3.920959165319158882e+07
3.078328981723237878e-01 4.554287972756154090e+02 9.311996625804657815e+05 2.566971329456067830e+07 1.144982892766179889e+07 3.805119731360033154e+07
3.101827676240208609e-01 3.929863250495238276e+02 8.393204269466436235e+05 2.435844572915148735e+07 1.170350393134216033e+07 3.690166307376544178e+07
3.125326370757180450e-01 3.389062111047259691e+02 7.561729650440125261e+05 2.307477859484559298e+07 1.193093989306385070e+07 3.576223035916461051e+07
3.148825065274151735e-01 2.920974681911239941e+02 6.809880714401336154e+05 2.182217961954241246e+07 1.213061073958875984e+07 3.463407052803952992e+07
3.172323759791122466e-01 2.516073099875161176e+02 6.130549521541013382e+05 2.060371496832761914e+07 1.230126283031717688e+07 3.351828435810890794e+07
3.195822454308094307e-01 2.166042242879525759e+02 5.517181219724521507e+05 1.942204111948369071e+07 1.244192644474823959e+07 3.241590229042869061e+07
3.219321148825065038e-01 1.863630399443951262e+02 4.963742758229380706e+05 1.827940394801170379e+07 1.255192078610475175e+07 3.132788537297936901e+07
3.242819843342036878e-01 1.602517632991234393e+02 4.464691686482596560e+05 1.717764441019118577e+07 1.263085297683234699e+07 3.025512680743509904e+07
3.266318537859008164e-01 1.377199837105299594e+02 4.014945331541242776e+05 1.611821002233488671e+07 1.267861169756500423e+07 2.919845397303774580e+07
3.289817232375978895e-01 1.182886692710683292e+02 3.609850600941838929e+05 1.510217121730878390e+07 1.269535622017105296e+07 2.815863078624328971e+07
3.313315926892950736e-01 1.015411931539457697e+02 3.245154614155737218e+05 1.413024163209516555e+07 1.268150162027628534e+07 2.713636025498018041e+07
3.336814621409921466e-01 8.711544840485548491e+01 2.916976326308037387e+05 1.320280141028787568e+07 1.263770094159184210e+07 2.613228709995893016e+07
3.360313315926893307e-01 7.469692459947637531e+01 2.621779272058166098e+05 1.231992267454825155e+07 1.256482503983941488e+07 2.514700033851808310e+07
3.383812010443864038e-01 6.401263378397270287e+01 2.356345525548462756e+05 1.148139641713192873e+07 1.246394077197145671e+07 2.418103575429202616e+07
3.407310704960835324e-01 5.482578565726083752e+01 2.117750943993617548e+05 1.068676015702751093e+07 1.233628812698373571e+07 2.323487820419625565e+07
3.430809399477807164e-01 4.693112318044710918e+01 1.903341737662085216e+05 9.935325810187021270e+06 1.218325682437836565e+07 2.230896373945477977e+07
3.454308093994778450e-01 4.015083983817144997e+01 1.710712387503097416e+05 9.226207309275690466e+06 1.200636283850724809e+07 2.140368153737308830e+07
3.477806788511749736e-01 3.433100874523282897e+01 1.537684913291901757e+05 8.558347589205950499e+06 1.180722524260255881e+07 2.051937565414644033e+07
3.501305483028720467e-01 2.933846179590072722e+01 1.382289479672312737e+05 7.930544624514323659e+06 1.158754370509771444e+07 1.965634661604107171e+07
3.524804177545691752e-01 2.505806418931700819e+01 1.242746314630816050e+05 7.341476265594472177e+06 1.134907691244835407e+07 1.881485286757010594e+07
3.548302872062663593e-01 2.139033602015052438e+01 1.117448904497091426e+05 6.789723674473637715e+06 1.109362213708563149e+07 1.799511209234500676e+07
3.571801566579634879e-01 1.824937827883092467e+01 1.004948421288141253e+05 6.273793208633202128e+06 1.082299611702527665e+07 1.719730241716558114e+07
3.595300261096606165e-01 1.556106563250800079e+01 9.039393318592582364e+04 5.792136644391721115e+06 1.053901736615136452e+07 1.642156350479464792e+07
3.618798955613576895e-01 1.326147282175506881e+01 8.132461336647477583e+04 5.343169670250705443e+06 1.024348999250343442e+07 1.566799753759343736e+07
3.642297650130548181e-01 1.129550546811103295e+01 7.318111587457408314e+04 4.925288615670344792e+06 9.938189066847277805e+06 1.493667009389766119e+07
3.665796344647519467e-01 9.615709597273859544e+00 6.586833856465962890e+04 4.536885412086904980e+06 9.624847555542098358e+06 1.422761092190326191e+07
3.689295039164491308e-01 8.181237290311290877e+00 5.930081981243311748e+04 4.176360810572826769e+06 9.305144809617290273e+06 1.354081462123984471e+07
3.712793733681462593e-01 6.956948624085180555e+00 5.340180295827628288e+04 3.842135904316102155e+06 8.980696584865877405e+06 1.287624124908888340e+07
3.736292428198433324e-01 5.912632491272127311e+00 4.810238329755909945e+04 3.532662024027807638e+06 8.653046554239191115e+06 1.223381687419704348e+07
3.759791122715404610e-01 5.022331035046090797e+00 4.334073173382633104e+04 3.246429090519012418e+06 8.323659262595994398e+06 1.161343410717987083e+07
3.783289817232375896e-01 4.263754325203281681e+00 3.906138940002448362e+04 2.981972521143308375e+06 7.993914463984674774e+06 1.101495263828233629e+07
3.806788511749347736e-01 3.617773569540504219e+00 3.521462777859684138e+04 2.737878795785271563e+06 7.665102772639578208e+06 1.043819981397702917e+07
3.830287206266319022e-01 3.067982621974239876e+00 3.175586910373548744e+04 2.512789793862048537e+06 7.338422550673721358e+06 9.882971281622119248e+06
3.853785900783289753e-01 2.600318839863714704e+00 2.864516209998193517e+04 2.305406016720151063e+06 7.014977948230027221e+06 9.349031727368995547e+06
3.877284595300261039e-01 2.202735477523360519e+00 2.584670839363772757e+04 2.114488810211942531e+06 6.695778005895297043e+06 8.836115727236350998e+06
3.900783289817232324e-01 1.864918799041487274e+00 2.332843522111771745e+04 1.938861700498759514e+06 6.381736724737909622e+06 8.343928725376582704e+06
3.924281984334204165e-01 1.578043967367025235e+00 2.106161034653795286e+04 1.777410952623257414e+06 6.073674006561110727e+06 7.872148147574877366e+06
3.947780678851175451e-01 1.334564532522506175e+00 1.902049538547381962e+04 1.629085456481149420e+06 5.772317365914747119e+06 7.420424652345905080e+06
3.971279373368146182e-01 1.128031012498705854e+00 1.718203400975732802e+04 1.492896038836655905e+06 5.478304316028168425e+06 6.988383516905592754e+06
3.994778067885117467e-01 9.529346472128331635e-01 1.552557177692949699e+04 1.367914293272060808e+06 5.192185332995752804e+06 6.575626150979390368e+06
4.018276762402088753e-01 8.045729189175561125e-01 1.403260458565474983e+04 1.253271012709427159e+06 4.914427306089187041e+06 6.181731727957187220e+06
4.041775456919060594e-01 6.789338805415761069e-01 1.268655300369908036e+04 1.148154301625933731e+06 4.645417386772663333e+06 5.806258920336178504e+06
4.065274151436031880e-01 5.725967245115031190e-01 1.147255994707917489e+04 1.051807437501025386e+06 4.385467154608014040e+06 5.448747724652845412e+06
4.088772845953002610e-01 4.826463656249027068e-01 1.037730940717717567e+04 9.635265435458408901e+05 4.134817024478458334e+06 5.108721360077841207e+06
4.112271540469973896e-01 4.066001086793166186e-01 9.388864126772308737e+03 8.826581275034460705e+05 3.893640826147730462e+06 4.785688224378056824e+06
4.135770234986945182e-01 3.423447302506397172e-01 8.496520316093285146e+03 8.085965343721717363e+05 3.662050493833963759e+06 4.479143890866957605e+06
4.159268929503917023e-01 2.880825290521971116e-01 7.690677676375721603e+03 7.407813543678191490e+05 3.440100809985310771e+06 4.188573130112032406e+06
4.182767624020888309e-01 2.422850949167597301e-01 6.962723161400456775e+03 6.786948213547188789e+05 3.227794153628186323e+06 3.913451940429402515e+06
4.206266318537859039e-01 2.036537163433784769e-01 6.304927057589960896e+03 6.218592313717809739e+05 3.025085209420855623e+06 3.653249571503943764e+06
4.229765013054830325e-01 1.710854940057915385e-01 5.710350101039452056e+03 5.698344057733461959e+05 2.831885598856947850e+06 3.407430525816826615e+06
4.253263707571801611e-01 1.436443554971195136e-01 5.172760475998378752e+03 5.222152188974257442e+05 2.648068399950742256e+06 3.175456522968522273e+06
4.276762402088772896e-01 1.205362774026858125e-01 4.686559654477560798e+03 4.786292060573506751e+05 2.473472526260437910e+06 2.956788412508544512e+06
4.300261096605744737e-01 1.010881167540894771e-01 4.246716141536573559e+03 4.387342640100825229e+05 2.307906940340685192e+06 2.750888021580423694e+06
4.323759791122715468e-01 8.472953695370041838e-02 3.848706286104791616e+03 4.022164528623899096e+05 2.151154680728704669e+06 2.557219924606736284e+06
4.347258485639686754e-01 7.097758505843515531e-02 3.488461403602498649e+03 3.687879056075030239e+05 2.002976685406881385e+06 2.375253123395570554e+06
4.370757180156658039e-01 5.942353935102050871e-02 3.162320534832540943e+03 3.381848491095169447e+05 1.863115398371598916e+06 2.204462627439485863e+06
4.394255874673629325e-01 4.972169969467837153e-02 2.866988236258625875e+03 3.101657383386818692e+05 1.731298149469131371e+06 2.044330925765772117e+06
4.417754569190601166e-01 4.157983938771383364e-02 2.599496860499916693e+03 2.845095039754531463e+05 1.607240301013174932e+06 1.894349343428966822e+06
4.441253263707571897e-01 3.475107708779965471e-02 2.357172843242310137e+03 2.610139121121411736e+05 1.490648157839094521e+06 1.754019277545554563e+06
4.464751958224543182e-01 2.902696171534354871e-02 2.137606564352959595e+03 2.394940336566643091e+05 1.381221640339074424e+06 1.622853309587053955e+06
4.488250652741514468e-01 2.423159281386557187e-02 1.938625397307868298e+03 2.197808201527888596e+05 1.278656722625038121e+06 1.500376192406726768e+06
4.511749347258485754e-01 2.021662428844780632e-02 1.758269602587686222e+03 2.017197820464275719e+05 1.182647640255338047e+06 1.386125712120976765e+06
4.535248041775457595e-01 1.685702132200126574e-02 1.594770757915914146e+03 1.851697649211283424e+05 1.092888873922686558e+06 1.279653426458751783e+06
4.558746736292428325e-01 1.404745907015730357e-02 1.446532451521376515e+03 1.700018188726840308e+05 1.009076917131569353e+06 1.180525282503234455e+06
4.582245430809399611e-01 1.169926788131929289e-02 1.312112994385844104e+03 1.560981559698935307e+05 9.309118372028764570e+05 1.088322117866422981e+06
4.605744125326370897e-01 9.737843644751199845e-03 1.190209934039002974e+03 1.433511906350659556e+05 8.580986399506464368e+05 1.002640050257594907e+06
4.629242819843342183e-01 8.100453753416373207e-03 1.079646176206025984e+03 1.316626577550129150e+05 7.903484491062457673e+05 9.230907611379186856e+05
4.652741514360314024e-01 6.734379353834855052e-03 9.793575417906293978e+02 1.209428033843755547e+05 7.273795120498765027e+05 8.493016797104221769e+05
4.676240208877284199e-01 5.595343279577538222e-03 8.883816055531066240e+02 1.111096430132844689e+05 6.689180436801579781e+05 7.809160738943387987e+05
4.699738903394256040e-01 4.646180533011699636e-03 8.058476796591695575e+02 1.020882825276361982e+05 6.146989203420731938e+05 7.175930551955488045e+05
4.723237597911227326e-01 3.855714568412183310e-03 7.309678202491354568e+02 9.381029718147292442e+04 5.644662356727157021e+05 6.590075045301521895e+05
4.746736292428198611e-01 3.197808091126384551e-03 6.630287485036968746e+02 8.621316411735305155e+04 5.179737300403495319e+05 6.048499261040146230e+05
4.770234986945169897e-01 2.650561753683127689e-03 6.013845895400022528e+02 7.923974420413708140e+04 4.749851049704997567e+05 5.548262364147385815e+05
4.793733681462140628e-01 2.195638113876242827e-03 5.454503430181680415e+02 7.283780920531827724e+04 4.352742335932246642e+05 5.086574953371994779e+05
4.817232375979112469e-01 1.817691619502249814e-03 4.946960087170299971e+02 6.695961053931167407e+04 3.986252777262023883e+05 4.660795860919225379e+05
4.840731070496083754e-01 1.503888283515021239e-03 4.486412986767415987e+02 6.156148614133155206e+04 3.648327217427103897e+05 4.268428506866069511e+05
4.864229765013055040e-01 1.243501184035909497e-03 4.068508749192171763e+02 5.660350218096016761e+04 3.337013328733887756e+05 3.907116871727693360e+05
4.887728459530026326e-01 1.027570027918551588e-03 3.689300583481424383e+02 5.204912662738305517e+04 3.050460570652697352e+05 3.574641147785710054e+05
4.911227154046997057e-01 8.486148076336567057e-04 3.345209602894868794e+02 4.786493188333771832e+04 2.786918589783086791e+05 3.268913126705507166e+05
4.934725848563968897e-01 7.003951047755780030e-04 3.032989933430088740e+02 4.402032392753812019e+04 2.544735141450935917e+05 2.987971377663698513e+05
4.958224543080940183e-01 5.777078886498254956e-04 2.749697228477436965e+02 4.048729561260357150e+04 2.322353607590048050e+05 2.729976266721638967e+05
4.981723237597911469e-01 4.762177587248665961e-04 2.492660243845915602e+02 3.724020196067378856e+04 2.118310179947436263e+05 2.493204864560196584e+05
5.005221932114882755e-01 3.923145139475190356e-04 2.259455164045946844e+02 3.425555548162363993e+04 1.931230772074894921e+05 2.276045785978322383e+05
5.028720626631854040e-01 3.229937246074139905e-04 2.047882403332899059e+02 3.151183970903150112e+04 1.759827718070354604e+05 2.076994000793940213e+05
5.052219321148825326e-01 2.657566546120821186e-04 1.855945634052308435e+02 2.898933930699340999e+04 1.602896310651180975e+05 1.894645652012733626e+05
5.075718015665796612e-01 2.185264516622332229e-04 1.681832820686543926e+02 2.666998524683268624e+04 1.459311225913264789e+05 1.727692913387542649e+05
5.099216710182767898e-01 1.795780052374702145e-04 1.523899061041146297e+02 2.453721368719700695e+04 1.328022877087345114e+05 1.574918914816136821e+05
5.122715404699739183e-01 1.474792806088109291e-04 1.380651056544550670e+02 2.257583731450662526e+04 1.208053734776174679e+05 1.435192760452578950e+05
5.146214099216710469e-01 1.210422824532387875e-04 1.250733051948590457e+02 2.077192801382667676e+04 1.098494646567425225e+05 1.307464660968063836e+05
5.169712793733681755e-01 9.928209357577984489e-05 1.132914101058202618e+02 1.911270984362184026e+04 9.985011845877752057e+04 1.190761198117872555e+05
5.193211488250653041e-01 8.138268085459373399e-05 1.026076529707953569e+02 1.758646138217014231e+04 9.072900455088730087e+04 1.084180736674109066e+05
5.216710182767624326e-01 6.666836871667358667e-05 9.292054802359173493e+01 1.618242659931874368e+04 8.241355237466734252e+04 9.868889958867803216e+04
5.240208877284595612e-01 5.458005609802413032e-05 8.413794333551992111e+01 1.489073348539948893e+04 7.483660751184179389e+04 8.981147899515686731e+04
5.263707571801566898e-01 4.465540093491460714e-05 7.617616137434856682e+01 1.370231974011039165e+04 6.793609850383615412e+04 8.171459444997631363e+04
5.287206266318538184e-01 3.651232101354887153e-05 6.895921949972182574e+01 1.260886488860023746e+04 6.165471524424642848e+04 7.433253938885865500e+04
5.310704960835509469e-01 2.983526507566655741e-05 6.241812279497320048e+01 1.160272825043319608e+04 5.593959980283485493e+04 6.760474620589830738e+04
5.334203655352480755e-01 2.436379649306085114e-05 5.649022238385736472e+01 1.067689224008314341e+04 5.074205030714473833e+04 6.147543279397550941e+04
5.357702349869452041e-01 1.988310617604567351e-05 5.111863305207452157e+01 9.824910525605546354e+03 4.601723830204191472e+04 5.589326748058263183e+04
5.381201044386423327e-01 1.621613386541738647e-05 4.625170459595472039e+01 9.040860615613895789e+03 4.172393982713646255e+04 5.081105216356247547e+04
5.404699738903394612e-01 1.321702943403426130e-05 4.184254186173584600e+01 8.319300484065990531e+03 3.782428029562634765e+04 4.618542333477110515e+04
5.428198433420365898e-01 1.076572986655813100e-05 3.784856892509349535e+01 7.655228878029849511e+03 3.428349312402110809e+04 4.197657058174179838e+04
5.451697127937337184e-01 8.763464525177220462e-06 3.423113329781897107e+01 7.044048985899402396e+03 3.106969194875252651e+04 3.814797207671321667e+04
5.475195822454308470e-01 7.129032270194711078e-06 3.095514644198464893e+01 6.481535172789706849e+03 2.815365617111687970e+04 3.466614649747757358e+04
5.498694516971279755e-01 5.795719937367498005e-06 2.798875722620091722e+01 5.963802516349985126e+03 2.550862949457352443e+04 3.150042077394543230e+04
5.522193211488251041e-01 4.708753380780395595e-06 2.530305527775986718e+01 5.487278900256465931e+03 2.311013105641656512e+04 2.862271301665953433e+04
5.545691906005222327e-01 3.823190447291772203e-06 2.287180147222772320e+01 5.048679444424446956e+03 2.093577870755919503e+04 2.600732995727906018e+04
5.569190600522193613e-01 3.102180426373976123e-06 2.067118306164245212e+01 4.644983070727634185e+03 1.896512395801271123e+04 2.363077821490417409e+04
5.592689295039164898e-01 2.515527197791549930e-06 1.867959117678814351e+01 4.273411020927764184e+03 1.717949808007596585e+04 2.147158869469603815e+04
5.616187989556135074e-01 2.038503883310696608e-06 1.687741865063720681e+01 3.931407159775887521e+03 1.556186884484793336e+04 1.951015342531295755e+04
5.639686684073107470e-01 1.650875637609387238e-06 1.524687630127575311e+01 3.616619911007128849e+03 1.409670735911359043e+04 1.772857414807287932e+04
5.663185378590078756e-01 1.336094573650878235e-06 1.377182598551656945e+01 3.326885687357842016e+03 1.276986446772337695e+04 1.611052198240282814e+04
5.686684073107050041e-01 1.080636949151552158e-06 1.243762889078626621e+01 3.060213687915055743e+03 1.156845619018450634e+04 1.464110750807098702e+04
5.710182767624021327e-01 8.734578450266136218e-07 1.123100767440706704e+01 2.814771947182934127e+03 1.048075766833852867e+04 1.330676062406932579e+04
5.733681462140991503e-01 7.055428129508855788e-07 1.013992118753038341e+01 2.588874530320704707e+03 9.496105113821489795e+03 1.209511956603527869e+04
5.757180156657963899e-01 5.695394992051229370e-07 9.153450637051220085e+00 2.380969778169001529e+03 8.604805258735956158e+03 1.099492848811155454e+04
5.780678851174935184e-01 4.594551845537222852e-07 8.261696144013370713e+00 2.189629514020740316e+03 7.798051829930260283e+03 9.995943040554469917e+03
5.804177545691906470e-01 3.704086144380007315e-07 7.455682752361165733e+00 2.013539131684924769e+03 7.067848585898936108e+03 9.088843400706628017e+03
5.827676240208877756e-01 2.984265134397727925e-07 6.727275028364887000e+00 1.851488491308693710e+03 6.406938475102970187e+03 8.265154241738455312e+03
5.851174934725847931e-01 2.402768522942701984e-07 6.069099469485785825e+00 1.702363555724457683e+03 5.808738495029820115e+03 7.517171150464039783e+03
5.874673629242820327e-01 1.933323227869241843e-07 5.474474012630365927e+00 1.565138705833968515e+03 5.267279852230368306e+03 6.837893032270296317e+03
5.898172323759791613e-01 1.554586241331599339e-07 4.937343996359757625e+00 1.438869678779798278e+03 4.777153044589649653e+03 6.220960067521264136e+03
5.921671018276762899e-01 1.249231143529452913e-07 4.452223990288369571e+00 1.322687077432827891e+03 4.333457507973525935e+03 5.660596809521564865e+03
5.945169712793734185e-01 1.003201654206574237e-07 4.014144958194283852e+00 1.215790404085246337e+03 3.931755489960224622e+03 5.151560039103985218e+03
5.968668407310704360e-01 8.051020967252834582e-08 3.618606269769240935e+00 1.117442575218300590e+03 3.568029833458005214e+03 4.689091015026582681e+03
5.992167101827676756e-01 6.457000045915455290e-08 3.261532119921638273e+00 1.026964877848328570e+03 3.238645372518384193e+03 4.268871782551203978e+03
6.015665796344648042e-01 5.175205177734428975e-08 2.939231954520732160e+00 9.437323312739889616e+02 2.940313661489872175e+03 3.886985224770132845e+03
6.039164490861619328e-01 4.145158576003181387e-08 2.648364537805336649e+00 8.671694210798727909e+02 2.670060776757189615e+03 3.539878562416321529e+03
6.062663185378590613e-01 3.317961686370894149e-08 2.385905329716320189e+00 7.967461750234092506e+02 2.425197947636872414e+03 3.224330028023179693e+03
6.086161879895560789e-01 2.654104850610427840e-08 2.149116871448372823e+00 7.319745529651653442e+02 2.203294789522535666e+03 2.937418459385689857e+03
6.109660574412533185e-01 2.121686100878478320e-08 1.935521904832488982e+00 6.724051253192446893e+02 2.002154928083310324e+03 2.676495575328606265e+03
6.133159268929504471e-01 1.694963664395468323e-08 1.742878976003894742e+00 6.176240166192925471e+02 1.819793818214369821e+03 2.439160713826616757e+03
6.156657963446475756e-01 1.353180471051062070e-08 1.569160296406313160e+00 5.672500927337839585e+02 1.654418575525964798e+03 2.223237828569686826e+03
6.180156657963447042e-01 1.079610211664753656e-08 1.412531654739456410e+00 5.209323720382280953e+02 1.504409651453016068e+03 2.026754555156780270e+03
6.203655352480417218e-01 8.607837262224960461e-09 1.271334192155453291e+00 4.783476424752769844e+02 1.368304195587629465e+03 1.847923172263669130e+03
6.227154046997388503e-01 6.858620677653602692e-09 1.144067870022297484e+00 4.391982679201859128e+02 1.244780960607052975e+03 1.685123296404119401e+03
6.250652741514360899e-01 5.461287846387219196e-09 1.029376475050147732e+00 4.032101686302149233e+02 1.132646616214320829e+03 1.536886161325047397e+03
6.274151436031332185e-01 4.345790356753587922e-09 9.260340206582673428e-01 3.701309618032619255e+02 1.030823348855830545e+03 1.401880344684096826e+03
6.297650130548303471e-01 3.455873008803532407e-09 8.329324162731053249e-01 3.397282494132568331e+02 9.383376336588967206e+02 1.278898815491882260e+03
6.321148825065273646e-01 2.746388401481767479e-09 7.490702879057079544e-01 3.117880415365546014e+02 8.543100740722197770e+02 1.166847185899426904e+03
6.344647519582244932e-01 2.181128209985111558e-09 6.735428439631673259e-01 2.861133043428677638e+02 7.779462131230949353e+02 1.064733060312107227e+03
6.368146214099217328e-01 1.731072955780720908e-09 6.055326898994017881e-01 2.625226228038300178e+02 7.085282280575347613e+02 9.716563835529956350e+02
6.391644908616188614e-01 1.372980495612754285e-09 5.443015040904756185e-01 2.408489689787113548e+02 6.454074274323148757e+02 8.868006979164899803e+02
6.415143603133159900e-01 1.088248469269054664e-09 4.891824953077501537e-01 2.209385674764628220e+02 5.879974765109362806e+02 8.094252264837950861e+02
6.438642297650130075e-01 8.619981713405324544e-10 4.395735694292227103e-01 2.026498503718050870e+02 5.357682831069333815e+02 7.388577070490300684e+02
6.462140992167101361e-01 6.823372601959955228e-10 3.949311396401687380e-01 1.858524944755771457e+02 4.882404818454658084e+02 6.744879074613658076e+02
6.485639686684073757e-01 5.397668063138531772e-10 3.547645203878223019e-01 1.704265344309282284e+02 4.449804602050124345e+02 6.157617591568681519e+02
6.509138381201045043e-01 4.267047546084222322e-10 3.186308508245729865e-01 1.562615456313153288e+02 4.055958746808250339e+02 5.621760511633916622e+02
6.532637075718016328e-01 3.371032118706894630e-10 2.861304984490942727e-01 1.432558914377287635e+02 3.697316100060456279e+02 5.132736319425607689e+02
6.556135770234986504e-01 2.661413002085609500e-10 2.569028981792322863e-01 1.313160296146716348e+02 3.370661385990045460e+02 4.686390711121215986e+02
6.579634464751957790e-01 2.099788277841613364e-10 2.306227862047450228e-01 1.203558733104230498e+02 3.073082412992809509e+02 4.278947373961187282e+02
6.603133159268930186e-01 1.655588721910104174e-10 2.069967917091103393e-01 1.102962022801143149e+02 2.801940540330380713e+02 3.906972531050270732e+02
6.626631853785901471e-01 1.304496743112196794e-10 1.857603529509014584e-01 1.010641203928102811e+02 2.554844083308388747e+02 3.567342890767304198e+02
6.650130548302872757e-01 1.027181032069378858e-10 1.666749272873697396e-01 9.259255577869799936e+01 2.329624366290501882e+02 3.257216673351381928e+02
6.673629242819842933e-01 8.082845843559162587e-11 1.495254675335969674e-01 8.481980026191695288e+01 2.124314160381808279e+02 2.974007417677123044e+02
6.697127937336814218e-01 6.356159262493748554e-11 1.341181396051555064e-01 7.768908499061154771e+01 1.937128267763206679e+02 2.715360299066008452e+02
6.720626631853786614e-01 4.995031910171276091e-11 1.202782587138150061e-01 7.114818942042414562e+01 1.766446037607283870e+02 2.479130714399162798e+02
6.744125326370757900e-01 3.922786146164518564e-11 1.078484234953270837e-01 6.514908103258460415e+01 1.610795619418070714e+02 2.263364913979262667e+02
6.767624020887728076e-01 3.078674044503170282e-11 9.668682936492170588e-02 5.964758337465421789e+01 1.468839778668478289e+02 2.066282480708977403e+02
6.791122715404700472e-01 2.414600775918924589e-11 8.666574413722347159e-02 5.460307020230213482e+01 1.339363116905640538e+02 1.886260476370275114e+02
6.814621409921670647e-01 1.892515042552511816e-11 7.767013052870733181e-02 4.997818367559202102e+01 1.221260554193527810e+02 1.721819092254924612e+02
6.838120104438643043e-01 1.482332216005737274e-11 6.959640159698422812e-02 4.573857472437070726e+01 1.113526945993064459e+02 1.571608657252889429e+02
6.861618798955614329e-01 1.160282587969395371e-11 6.235129647536682279e-02 4.185266384565574072e+01 1.015247719464645826e+02 1.434397870886072610e+02
6.885117493472584504e-01 9.075986332466799327e-12 5.585086494513105682e-02 3.829142073238249111e+01 9.255904258276616758e+01 1.309063141801028394e+02
6.908616187989556900e-01 7.094724323202727125e-12 5.001955046274107058e-02 3.502816125854093343e+01 8.437971159343437932e+01 1.194578924024451680e+02
6.932114882506527076e-01 5.542282324345899880e-12 4.478936223481867068e-02 3.203836046141092453e+01 7.691774557074066365e+01 1.090008953943920318e+02
6.955613577023499472e-01 4.326662108025382301e-12 4.009912781891868117e-02 2.929948026812854778e+01 7.011025066447855636e+01 9.944983006043038642e+01
6.979112271540470758e-01 3.375423801733778584e-12 3.589381853145384021e-02 2.679081081193900005e+01 6.389991042952583911e+01 9.072661505999975873e+01
7.002610966057440933e-01 2.631566802754445236e-12 3.212394067280498200e-02 2.449332427383930977e+01 5.823447745330324921e+01 8.275992566781798132e+01
7.026109660574413329e-01 2.050269787248724689e-12 2.874498624066218477e-02 2.238954026856988477e+01 5.306631336811894784e+01 7.548459862293151446e+01
7.049608355091383505e-01 1.596312437188294560e-12 2.571693740208738990e-02 2.046340187059865201e+01 4.835197241186028094e+01 6.884109121986263347e+01
7.073107049608355901e-01 1.242037749193878707e-12 2.300381953834381224e-02 1.870016144639946276e+01 4.405182420141903066e+01 6.277498946735806129e+01
7.096605744125327186e-01 9.657427059914652951e-13 2.057329816934516664e-02 1.708627552444955100e+01 4.012971183224328087e+01 5.723656065486314048e+01
7.120104438642297362e-01 7.504081470870371991e-13 1.839631551125495840e-02 1.560930799436621541e+01 3.655264181954450464e+01 5.218034612942270911e+01
7.143603133159269758e-01 5.826970449091912820e-13 1.644676282561801511e-02 1.425784098191786242e+01 3.329050275672683057e+01 4.756479050147088117e+01
7.167101827676239933e-01 4.521650179590899074e-13 1.470118508524228054e-02 1.302139279761839497e+01 3.031580988873012572e+01 4.335190387143421020e+01
7.190600522193212329e-01 3.506385482269916505e-13 1.313851481440147378e-02 1.189034240360421713e+01 2.760347308609754080e+01 3.950695400451651551e+01
7.214099216710183615e-01 2.717256206736974117e-13 1.173983226199477696e-02 1.085585988682053404e+01 2.513058596321683424e+01 3.599818568229964200e+01
7.237597911227153791e-01 2.104308515350847534e-13 1.048814933895052086e-02 9.909842466476533218e+00 2.287623411447532362e+01 3.279656473029101704e+01
7.261096605744126187e-01 1.628530062568001844e-13 9.368214998066930893e-03 9.044855600560303799e+00 2.082132064794316406e+01 2.987554446350170778e+01
7.284595300261096362e-01 1.259474359303108065e-13 8.366339958011772757e-03 8.254078790156873069e+00 1.894840738020177540e+01 2.721085251031679419e+01
7.308093994778068758e-01 9.733962981779811767e-14 7.470238875542087320e-03 7.531255711622375948e+00 1.724157022041813292e+01 2.478029617091614512e+01
7.331592689295038934e-01 7.517898767840677284e-14 6.668888253136943250e-03 6.870648335544258245e+00 1.568626741883512565e+01 2.256358464263259123e+01
7.355091383812010220e-01 5.802421598984516389e-14 5.952398534938266664e-03 6.266994718039491374e+00 1.426921948635436976e+01 2.054216660292885166e+01
7.378590078328982615e-01 4.475357173927913504e-14 5.311898993819748512e-03 5.715470174502920386e+00 1.297829970955491419e+01 1.869908178305169244e+01
7.402088772845952791e-01 3.449461568582158089e-14 4.739434148011307038e-03 5.211651568561317838e+00 1.180243429078864636e+01 1.701882529349799711e+01
7.425587467362925187e-01 2.656927297616334874e-14 4.227870568355400829e-03 4.751484469876533723e+00 1.073151123729525480e+01 1.548722357774017411e+01
7.449086161879895363e-01 2.045089559453732782e-14 3.770813048174591949e-03 4.331252953705056363e+00 9.756297207775283198e+00 1.409132097452853394e+01
7.472584856396866648e-01 1.573072827977186245e-14 3.362529207992181156e-03 3.947551832885785039e+00 8.868361600615227047e+00 1.281927596270902825e+01
7.496083550913839044e-01 1.209173687210583431e-14 2.997881697981764817e-03 3.597261129316570383e+00 8.060007235944228299e+00 1.166026624695879299e+01
7.519582245430809220e-01 9.288196985100593461e-15 2.672267242928180481e-03 3.277522607091142071e+00 7.324207044743849870e+00 1.060440191907792418e+01
7.543080939947781616e-01 7.129786335470129649e-15 2.381561848496101426e-03 2.985718203407803362e+00 6.654546233102540675e+00 9.642645998358844395e+00
7.566579634464751791e-01 5.469195724362966998e-15 2.122071554468886283e-03 2.719450206217333132e+00 6.045169439065417372e+00 8.766741716837227472e+00
7.590078328981723077e-01 4.192487149975069761e-15 1.890488181017586618e-03 2.476523039432824813e+00 5.490732443970226306e+00 7.969145971584076449e+00
7.613577023498695473e-01 3.211595179754654835e-15 1.683849568608812445e-03 2.254926527460475061e+00 4.986358040219588617e+00 7.242968417248677682e+00
7.637075718015665649e-01 2.458499267589804070e-15 1.499503861412615838e-03 2.052820520893552381e+00 4.527595693573022828e+00 6.581915718327993048e+00
7.660574412532638044e-01 1.880697862339175284e-15 1.335077428538560809e-03 1.868520774512238303e+00 4.110384670675791163e+00 5.980240522616569798e+00
7.684073107049608220e-01 1.437695989583014637e-15 1.188446057565320903e-03 1.700485977308426877e+00 3.731020332039079346e+00 5.432694755405075071e+00
7.707571801566579506e-01 1.098281284260570436e-15 1.057709091051405774e-03 1.547305842162060241e+00 3.386123317372733421e+00 4.934486868625847400e+00
7.731070496083551902e-01 8.384129778597395117e-16 9.411662094002160332e-04 1.407690170088832682e+00 3.072611374344894841e+00 4.481242710643130067e+00
7.754569190600522077e-01 6.395870675604942335e-16 8.372965929388520578e-04 1.280458810702020944e+00 2.787673603751970486e+00 4.068969711046931614e+00
7.778067885117494473e-01 4.875711504169040571e-16 7.447402226677931952e-04 1.164532446730856652e+00 2.528746913963678455e+00 3.694024100917204567e+00
7.801566579634464649e-01 3.714260279595735291e-16 6.622811031253577783e-04 1.058924136153345685e+00 2.293494495562129476e+00 3.353080912818600101e+00
7.825065274151435935e-01 2.827496164877296230e-16 5.888322124389561455e-04 9.627315507698027686e-01 2.079786143501645146e+00 3.043106526483885688e+00
7.848563968668408330e-01 2.150930667265439462e-16 5.234220041343901541e-04 8.751298549009642880e-01 1.885680269043163770e+00 2.761333545948261303e+00
7.872062663185378506e-01 1.635101903765181418e-16 4.651823028496429526e-04 7.953651723709157517e-01 1.709407457302783762e+00 2.505237811976549267e+00
7.895561357702350902e-01 1.242100054433603637e-16 4.133374519391851891e-04 7.227485940615782090e-01 1.549355438631420778e+00 2.272517370144939264e+00
7.919060052219321078e-01 9.428899140408978718e-17 3.671945852270430363e-04 6.566506821284171513e-01 1.404055353324910271e+00 2.061073230038555693e+00
7.942558746736292363e-01 7.152491515773228605e-17 3.261349080244389559e-04 5.964964304710849152e-01 1.272169199453779820e+00 1.868991764832889757e+00
7.966057441253264759e-01 5.421818236793027255e-17 2.896058841096413078e-04 5.417606442822637813e-01 1.152478362994357797e+00 1.694528613160732222e+00
7.989556135770234935e-01 4.106984645178818307e-17 2.571142357975935463e-04 4.919637044728372155e-01 1.043873138017676450e+00 1.536093956726311882e+00
8.013054830287207331e-01 3.108787228071610442e-17 2.282196736186024042e-04 4.466676855126769374e-01 9.453431525270736824e-01 1.392239057713368533e+00
8.036553524804177506e-01 2.351516215170963971e-17 2.025292805803835647e-04 4.054727977513394310e-01 8.559686226954106303e-01 1.261643949727330627e+00
8.060052219321148792e-01 1.777433134480432061e-17 1.796924835980755794e-04 3.680141276085140412e-01 7.749123647986005947e-01 1.143106184890712695e+00
8.083550913838121188e-01 1.342536588114223561e-17 1.593965515260630905e-04 3.339586511662916424e-01 7.014125001298763262e-01 1.035530547847694161e+00
8.107049608355091364e-01 1.013318088404511461e-17 1.413625653881111588e-04 3.030024986676930765e-01 6.347757936563918069e-01 9.379196548894731533e-01
8.130548302872063759e-01 7.642782524110247771e-18 1.253418119466757246e-04 2.748684492423035253e-01 5.743715721926030415e-01 8.493653632468534109e-01
8.154046997389033935e-01 5.760265216738980800e-18 1.111125567392971770e-04 2.493036368521729107e-01 5.196261724532195148e-01 7.690409218621319098e-01
8.177545691906005221e-01 4.338283736901456261e-18 9.847715719487770572e-05 2.260774499904824597e-01 4.700178735488411141e-01 6.961938006965183723e-01
8.201044386422977617e-01 3.264954542293429500e-18 8.725948047548162537e-05 2.049796090826733475e-01 4.250722723340238929e-01 6.301391408971724895e-01
8.224543080939947792e-01 2.455383041870625901e-18 7.730259431472456247e-05 1.858184068437961356e-01 3.843580635396153244e-01 5.702537729777261699e-01
8.248041775456920188e-01 1.845200234112769970e-18 6.846670238264028149e-05 1.684190980460726905e-01 3.474831898473277336e-01 5.159707545957832320e-01
8.271540469973890364e-01 1.385635785900715867e-18 6.062729863559691086e-05 1.526224262550005539e-01 3.140913300194122515e-01 4.667743835730487900e-01
8.295039164490861650e-01 1.039765070146585196e-18 5.367351774131397924e-05 1.382832761082340156e-01 2.838586959027208922e-01 4.221956455286963728e-01
8.318537859007834045e-01 7.796525385278482245e-19 4.750666103318861808e-05 1.252694406461605237e-01 2.564911116059228613e-01 3.818080589131165881e-01
8.342036553524804221e-01 5.841789552076360605e-19 4.203887957159048157e-05 1.134604940626185166e-01 2.317213504195560492e-01 3.452238833617460867e-01
8.365535248041776617e-01 4.373899986447842933e-19 3.719199779682766881e-05 1.027467610347604920e-01 2.093067071289989589e-01 3.120906601615562326e-01
8.389033942558746793e-01 3.272420545716210778e-19 3.289646297081308575e-05 9.302837451797406343e-02 1.890267852760378897e-01 2.820880562569828554e-01
8.412532637075718078e-01 2.446503746852948561e-19 2.909040714166054566e-05 8.421441456002086434e-02 1.706814806699952780e-01 2.549249856371578749e-01
8.436031331592689364e-01 1.827672431721245066e-19 2.571880974524717970e-05 7.622212130294006571e-02 1.540891440481085839e-01 2.303369841607938451e-01
8.459530026109660650e-01 1.364349785269719028e-19 2.273275019599803364e-05 6.897617590585311542e-02 1.390849072487859162e-01 2.080838159048351566e-01
8.483028720626633046e-01 1.017717332911946254e-19 2.008874093018462911e-05 6.240804364073138794e-02 1.255191586021347228e-01 1.879472909837962280e-01
8.506527415143603221e-01 7.585808632233779575e-20 1.774813236171610064e-05 5.645537388995762462e-02 1.132561544697756467e-01 1.697292764920949604e-01
8.530026109660574507e-01 5.650007839685013529e-20 1.567658210436514093e-05 5.106145221253070160e-02 1.021727549899391907e-01 1.532498837845742146e-01
8.553524804177545793e-01 4.205018058143697297e-20 1.384358161605712742e-05 4.617470004813001294e-02 9.215727311285809575e-02 1.383458167426042107e-01
8.577023498694517079e-01 3.127213401375961062e-20 1.222203413963105935e-05 4.174821799776542303e-02 8.310842695331802088e-02 1.248688669852230648e-01
8.600522193211489475e-01 2.323898759250103047e-20 1.078787845883851018e-05 3.773936895908579225e-02 7.493438634931808007e-02 1.126845431868627317e-01
8.624020887728459650e-01 1.725623781825187110e-20 9.519753565857027840e-06 3.410939770596460585e-02 6.755190530466827215e-02 1.016708227641987539e-01
8.647519582245430936e-01 1.280393488046799246e-20 8.398699854107553119e-06 3.082308378797981446e-02 6.088553271516765342e-02 9.171701520300162835e-02
8.671018276762402222e-01 9.493108027067460933e-21 7.407892913828944414e-06 2.784842488791896067e-02 5.486689443839648517e-02 8.272272721922933891e-02
8.694516971279373507e-01 7.032993570348376324e-21 6.532406423191668761e-06 2.515634801632570319e-02 4.943404037118029337e-02 7.459692079392916952e-02
8.718015665796345903e-01 5.206406297945288202e-21 5.759000999709232720e-06 2.272044614314788769e-02 4.453085075126041181e-02 6.725705589540800777e-02
8.741514360313316079e-01 3.851244961443536780e-21 5.075936209780106679e-06 2.051673806931742991e-02 4.010649640487942702e-02 6.062831041040663699e-02
8.765013054830287365e-01 2.846614751622083386e-21 4.472803232382714527e-06 1.852344952708335005e-02 3.611494812387138625e-02 5.464287045418713545e-02
8.788511749347258650e-01 2.102422201557705262e-21 3.940375939853601333e-06 1.672081366849523590e-02 3.251453077808428432e-02 4.923928482251938021e-02
8.812010443864229936e-01 1.551579679652324417e-21 3.470478397535005008e-06 1.509088925782859324e-02 2.926751815485465966e-02 4.436187789108078650e-02
8.835509138381202332e-01 1.144169516212745305e-21 3.055866997796291722e-06 1.361739502713291486e-02 2.633976486992234411e-02 3.996021576405307807e-02
8.859007832898172508e-01 8.430785458822209182e-22 2.690125635116521462e-06 1.228555878550924123e-02 2.370037201637938823e-02 3.598862092752373731e-02
8.882506527415143793e-01 6.207351214771017520e-22 2.367572499907812091e-06 1.108197999317109099e-02 2.132138351259263431e-02 3.240573107826362487e-02
8.906005221932115079e-01 4.566720810988021734e-22 2.083177221664280163e-06 9.994504621711988723e-03 1.917751037888936264e-02 2.917409817782299838e-02
8.929503916449086365e-01 3.357080216552495064e-22 1.832487228721618360e-06 9.012111223109093433e-03 1.724588041829419952e-02 2.625982412863201582e-02
8.953002610966058761e-01 2.465910718922691314e-22 1.611562314105043986e-06 8.124807222610500729e-03 1.550581100076945176e-02 2.363222978569405955e-02
8.976501305483028936e-01 1.809883477694097293e-22 1.416916506142724300e-06 7.323534535469924077e-03 1.393860285503568767e-02 2.126355430701175331e-02
9.000000000000000222e-01 1.327335747888845747e-22 1.245466440090969431e-06 6.600083685155127590e-03 1.252735295881345946e-02 1.912868211040867975e-02
